33 391257.366
34 385170.578
35 376208.207
36 367463.437
37 358913.086
38 362148.349
39 351817.077
40 341780.533
41 332030.309
42 322558.237
43 313356.382
44 304424.539
45 295739.997
46 290085.998
47 269405.745
48 250199.788
49 232363.026
50 215797.848
51 204894.853
52 196698.413
53 188834.512
54 181285.006
55 174037.325
56 167079.402
57 160399.654
58 153983.162
59 147826.995
60 141916.947
61 137949.975
62 132206.46
63 126702.075
64 121426.863
65 116371.284
66 111526.192
67 106882.825
68 102432.783
69 98168.018
70 94080.815
71 90163.782
72 86409.834
73 82812.18
74 80497.35
75 78537.115
76 72071.293
77 69533.623
78 67083.653
79 64721.601
80 62441.179
81 60241.106
82 58119.983
83 56072.165
84 54097.833
85 52191.732
86 50354.033
87 49164.183
88 47682.815
89 46244.942
90 44851.534
91 43499.038
92 42188.367
93 40917.188
94 39683.333
95 38487.633
96 37327.96
97 35683.096
98 34349.528
99 33064.983
100 32235.95
101 31030.445
102 29870.759
103 28753.704
104 27679.104
105 26644.666
106 25648.255
107 24689.714
108 23766.411
109 23466.573
110 21953.797
111 21390.692
112 20842.031
113 20307.443
114 19958.527
115 19446.6
116 18947.804
117 18461.802
118 17988.266
119 17526.875
120 17077.319
121 16639.294
122 16212.504
123 15930.804
124 15654.384
125 15382.381
126 15115.476
127 14939.873
128 14680.647
129 14425.563
130 14175.261
131 13928.958
132 13687.273
133 13449.449
134 13216.084
135 12986.447
136 12729.381
137 12477.403
138 12230.714
139 11988.607
140 11829.774
141 11595.604
142 11366.349
143 11141.352
144 10920.809
145 10704.632
146 10492.734
147 10285.284
148 10402.33
149 10346.064
150 10290.356
151 10234.696
152 10179.588
153 10124.527
154 10088.151
155 10033.832
156 9979.559
157 9925.825