9.925825000000000728e+03
9.979558999999999287e+03
1.003383200000000033e+04
1.008815099999999984e+04
1.012452700000000004e+04
1.017958799999999974e+04
1.023469599999999991e+04
1.029035599999999977e+04
1.034606400000000031e+04
1.040232999999999993e+04
1.028528399999999965e+04
1.049273400000000038e+04
1.070463199999999961e+04
1.092080899999999929e+04
1.114135200000000077e+04
1.136634900000000016e+04
1.159560399999999936e+04
1.182977399999999943e+04
1.198860699999999997e+04
1.223071399999999994e+04
1.247740300000000025e+04
1.272938099999999940e+04
1.298644700000000012e+04
1.321608400000000074e+04
1.344944900000000052e+04
1.368727299999999923e+04
1.392895800000000054e+04
1.417526100000000042e+04
1.442556300000000010e+04
1.468064700000000084e+04
1.493987299999999959e+04
1.511547600000000057e+04
1.538238099999999940e+04
1.565438400000000001e+04
1.593080400000000009e+04
1.621250400000000081e+04
1.663929400000000169e+04
1.707731899999999951e+04
1.752687500000000000e+04
1.798826599999999962e+04
1.846180199999999968e+04
1.894780400000000009e+04
1.944659999999999854e+04
1.995852699999999822e+04
2.030744299999999930e+04
2.084203099999999904e+04
2.139069199999999910e+04
2.195379699999999866e+04
2.346657300000000032e+04
2.376641100000000006e+04
2.468971399999999994e+04
2.564825500000000102e+04
2.664466600000000108e+04
2.767910399999999936e+04
2.875370400000000154e+04
2.987075899999999820e+04
3.103044499999999971e+04
3.223595000000000073e+04
3.306498300000000017e+04
3.434952799999999843e+04
3.568309599999999773e+04
3.732795999999999913e+04
3.848763300000000163e+04
3.968333299999999872e+04
4.091718800000000192e+04
4.218836699999999837e+04
4.349903800000000047e+04
4.485153399999999965e+04
4.624494200000000274e+04
4.768281500000000233e+04
4.916418299999999726e+04
5.035403300000000309e+04
5.219173200000000361e+04
5.409783299999999872e+04
5.607216500000000087e+04
5.811998300000000017e+04
6.024110599999999977e+04
6.244117899999999645e+04
6.472160100000000239e+04
6.708365300000000570e+04
6.953362300000000687e+04
7.207129300000000512e+04
7.853711500000000524e+04
8.049735000000000582e+04
8.281217999999999302e+04
8.640983400000000256e+04
9.016378200000000652e+04
9.408081500000000233e+04
9.816801799999999639e+04
1.024327829999999958e+05
1.068828249999999971e+05
1.115261919999999955e+05
1.163712839999999997e+05
1.214268629999999976e+05
1.267020749999999971e+05
1.322064599999999919e+05
1.379499750000000058e+05
1.419169469999999856e+05
1.478269949999999953e+05
1.539831620000000112e+05
1.603996540000000095e+05
1.670794020000000019e+05
1.740373250000000116e+05
1.812850059999999939e+05
1.888345119999999879e+05
1.966984130000000005e+05
2.048948530000000028e+05
2.157978479999999981e+05
2.323630260000000126e+05
2.501997880000000005e+05
2.694057449999999953e+05
2.900859980000000214e+05
2.957399969999999739e+05
3.044245389999999898e+05
3.133563819999999832e+05
3.225582370000000228e+05
3.320303090000000084e+05
3.417805329999999958e+05
3.518170769999999902e+05
3.621483489999999874e+05
3.589130860000000102e+05
3.674634369999999763e+05
3.762082069999999949e+05
3.851705779999999795e+05
3.912573659999999800e+05
